# ---------------------------------------------------------
# Internal Mapping Data
# ---------------------------------------------------------

# @keywords internal
.DAILY_CATEGORY_MAP <- c(
  "SHRIMP"    = "\u0e01\u0e38\u0e49\u0e07\u0e02\u0e32\u0e27",
  "PINEAPPLE" = "\u0e2a\u0e31\u0e1a\u0e1b\u0e30\u0e23\u0e14\u0e42\u0e23\u0e07\u0e07\u0e32\u0e19",
  "CORN"      = "\u0e02\u0e49\u0e32\u0e27\u0e42\u0e1e\u0e14\u0e40\u0e25\u0e35\u0e49\u0e22\u0e07\u0e2a\u0e31\u0e15\u0e27\u0e4c",
  "CHICKEN"   = "\u0e44\u0e01\u0e48",
  "RUBBER"    = "\u0e22\u0e32\u0e07\u0e1e\u0e32\u0e23\u0e32",
  "RICE_MALI" = "\u0e02\u0e49\u0e32\u0e27\u0e2b\u0e2d\u0e21\u0e21\u0e30\u0e25\u0e34",
  "COCO"      = "\u0e21\u0e30\u0e1e\u0e23\u0e49\u0e32\u0e27",
  "EGG"       = "\u0e44\u0e02\u0e48\u0e44\u0e01\u0e48",
  "PALM"      = "\u0e1b\u0e32\u0e25\u0e4c\u0e21\u0e19\u0e49\u0e33\u0e21\u0e31\u0e19",
  "LONGAN"    = "\u0e25\u0e33\u0e44\u0e22",
  "CASSAVA"   = "\u0e21\u0e31\u0e19\u0e2a\u0e33\u0e1b\u0e30\u0e2b\u0e25\u0e31\u0e07",
  "LIME"      = "\u0e21\u0e30\u0e19\u0e32\u0e27",
  "PORK"      = "\u0e2a\u0e38\u0e01\u0e23"
)

# @keywords internal
.DAILY_PRODUCT_MAP <- c(
  "LIME_XL" = "\u0e21\u0e30\u0e19\u0e32\u0e27 \u0e1c\u0e25\u0e02\u0e19\u0e32\u0e14\u0e43\u0e2b\u0e0d\u0e48\u0e1e\u0e34\u0e40\u0e28\u0e29",
  "LIME_L"  = "\u0e21\u0e30\u0e19\u0e32\u0e27 \u0e1c\u0e25\u0e02\u0e19\u0e32\u0e14\u0e43\u0e2b\u0e0d\u0e48",
  "LIME_M"  = "\u0e21\u0e30\u0e19\u0e32\u0e27 \u0e1c\u0e25\u0e02\u0e19\u0e32\u0e14\u0e01\u0e25\u0e32\u0e07",
  "LIME_S"  = "\u0e21\u0e30\u0e19\u0e32\u0e27 \u0e1c\u0e25\u0e02\u0e19\u0e32\u0e14\u0e40\u0e25\u0e47\u0e01",
  "CORN_M30"   = "\u0e02\u0e49\u0e32\u0e27\u0e42\u0e1e\u0e14\u0e40\u0e25\u0e35\u0e49\u0e22\u0e07\u0e2a\u0e31\u0e15\u0e27\u0e4c \u0e04\u0e27\u0e32\u0e21\u0e0a\u0e37\u0e49\u0e19 30%",
  "CORN_M14_5" = "\u0e02\u0e49\u0e32\u0e27\u0e42\u0e1e\u0e14\u0e40\u0e25\u0e35\u0e49\u0e22\u0e07\u0e2a\u0e31\u0e15\u0e27\u0e4c \u0e04\u0e27\u0e32\u0e21\u0e0a\u0e37\u0e49\u0e19 14.5%",
  "CASSAVA_30"  = "\u0e2b\u0e31\u0e27\u0e21\u0e31\u0e19\u0e2a\u0e33\u0e1b\u0e30\u0e2b\u0e25\u0e31\u0e07\u0e2a\u0e14 (\u0e41\u0e1b\u0e49\u0e07 30%)",
  "CASSAVA_25"  = "\u0e2b\u0e31\u0e27\u0e21\u0e31\u0e19\u0e2a\u0e33\u0e1b\u0e30\u0e2b\u0e25\u0e31\u0e07\u0e2a\u0e14 (\u0e41\u0e1b\u0e49\u0e07 25%)",
  "CASSAVA_MIX" = "\u0e2b\u0e31\u0e27\u0e21\u0e31\u0e19\u0e2a\u0e33\u0e1b\u0e30\u0e2b\u0e25\u0e31\u0e07\u0e2a\u0e14 \u0e04\u0e25\u0e30",
  "COCO_L"   = "\u0e21\u0e30\u0e1e\u0e23\u0e49\u0e32\u0e27\u0e1c\u0e25\u0e41\u0e2b\u0e49\u0e07 \u0e02\u0e19\u0e32\u0e14\u0e43\u0e2b\u0e0d\u0e48",
  "COCO_M"   = "\u0e21\u0e30\u0e1e\u0e23\u0e49\u0e32\u0e27\u0e1c\u0e25\u0e41\u0e2b\u0e49\u0e07 \u0e02\u0e19\u0e32\u0e14\u0e01\u0e25\u0e32\u0e07",
  "COCO_S"   = "\u0e21\u0e30\u0e1e\u0e23\u0e49\u0e32\u0e27\u0e1c\u0e25\u0e41\u0e2b\u0e49\u0e07 \u0e02\u0e19\u0e32\u0e14\u0e40\u0e25\u0e47\u0e01",
  "COCO_MIX" = "\u0e21\u0e30\u0e1e\u0e23\u0e49\u0e32\u0e27\u0e1c\u0e25\u0e41\u0e2b\u0e49\u0e07 \u0e02\u0e19\u0e32\u0e14\u0e04\u0e25\u0e30",
  "LONGAN_AA" = "\u0e25\u0e33\u0e44\u0e22\u0e23\u0e48\u0e27\u0e07 \u0e40\u0e01\u0e23\u0e14 AA",
  "LONGAN_A"  = "\u0e25\u0e33\u0e44\u0e22\u0e23\u0e48\u0e27\u0e07 \u0e40\u0e01\u0e23\u0e14 A",
  "LONGAN_B"  = "\u0e25\u0e33\u0e44\u0e22\u0e23\u0e48\u0e27\u0e07 \u0e40\u0e01\u0e23\u0e14 B",
  "LONGAN_E_AA" = "\u0e25\u0e33\u0e44\u0e22\u0e17\u0e31\u0e49\u0e07\u0e0a\u0e48\u0e2d\u0e1e\u0e31\u0e19\u0e18\u0e38\u0e4c\u0e2d\u0e35\u0e14\u0e2d \u0e40\u0e01\u0e23\u0e14 AA",
  "EGG_3"     = "\u0e44\u0e02\u0e48\u0e44\u0e01\u0e48 \u0e40\u0e1a\u0e2d\u0e23\u0e4c 3",
  "EGG_4"     = "\u0e44\u0e02\u0e48\u0e44\u0e01\u0e48 \u0e40\u0e1a\u0e2d\u0e23\u0e4c 4",
  "EGG_FRESH" = "\u0e44\u0e02\u0e48\u0e44\u0e01\u0e48\u0e2a\u0e14",
  "PORK_100"  = "\u0e2a\u0e38\u0e01\u0e23\u0e1e\u0e31\u0e19\u0e18\u0e38\u0e4c\u0e1c\u0e2a\u0e21 \u0e19\u0e49\u0e33\u0e2b\u0e19\u0e31\u0e01 100 \u0e01\u0e01. \u0e02\u0e36\u0e49\u0e19\u0e44\u0e1b",
  "CHICK_MEAT"= "\u0e44\u0e01\u0e48\u0e23\u0e38\u0e48\u0e19\u0e1e\u0e31\u0e19\u0e18\u0e38\u0e4c\u0e40\u0e19\u0e37\u0e49\u0e2d",
  "PINEAPPLE_FAC" = "\u0e2a\u0e31\u0e1a\u0e1b\u0e30\u0e23\u0e14\u0e1b\u0e31\u0e15\u0e15\u0e32\u0e40\u0e27\u0e35\u0e22\u0e2a\u0e48\u0e07\u0e42\u0e23\u0e07\u0e07\u0e32\u0e19",
  "SHRIMP_70"     = "\u0e01\u0e38\u0e49\u0e07\u0e02\u0e32\u0e27\u0e41\u0e27\u0e19\u0e19\u0e32\u0e44\u0e21 \u0e02\u0e19\u0e32\u0e14 70 \u0e15\u0e31\u0e27/\u0e01\u0e01.",
  "RUBBER_LIQUID" = "\u0e19\u0e49\u0e33\u0e22\u0e32\u0e07\u0e1e\u0e32\u0e23\u0e32\u0e2a\u0e14",
  "RUBBER_SHEET3" = "\u0e22\u0e32\u0e07\u0e1e\u0e32\u0e23\u0e32\u0e41\u0e1c\u0e48\u0e19\u0e14\u0e34\u0e1a \u0e0a\u0e31\u0e49\u0e19 3",
  "PALM_15"       = "\u0e1c\u0e25\u0e1b\u0e32\u0e25\u0e4c\u0e21\u0e19\u0e49\u0e33\u0e21\u0e31\u0e19\u0e17\u0e31\u0e49\u0e07\u0e17\u0e30\u0e25\u0e32\u0e22 \u0e19\u0e19. > 15 \u0e01\u0e01. \u0e02\u0e36\u0e49\u0e19\u0e44\u0e1b",
  "RICE_MALI105"  = "\u0e02\u0e49\u0e32\u0e27\u0e40\u0e1b\u0e25\u0e37\u0e2d\u0e01\u0e40\u0e08\u0e49\u0e32\u0e2b\u0e2d\u0e21\u0e21\u0e30\u0e25\u0e34 105"
)

# @keywords internal
.WEEKLY_CATEGORY_MAP <- c(
  "BUFFALO"    = "\u0e01\u0e23\u0e30\u0e1a\u0e37\u0e2d",
  "SHRIMP"     = "\u0e01\u0e38\u0e49\u0e07",
  "BROILER"    = "\u0e44\u0e01\u0e48\u0e40\u0e19\u0e37\u0e49\u0e2d",
  "RICE"       = "\u0e02\u0e49\u0e32\u0e27",
  "CORN"       = "\u0e02\u0e49\u0e32\u0e27\u0e42\u0e1e\u0e14\u0e40\u0e25\u0e35\u0e49\u0e22\u0e07\u0e2a\u0e31\u0e15\u0e27\u0e4c",
  "EGG"        = "\u0e44\u0e02\u0e48\u0e44\u0e01\u0e48",
  "CATTLE"     = "\u0e42\u0e04\u0e40\u0e19\u0e37\u0e49\u0e2d",
  "PALM"       = "\u0e1b\u0e32\u0e25\u0e4c\u0e21\u0e19\u0e49\u0e33\u0e21\u0e31\u0e19",
  "PEPPER"     = "\u0e1e\u0e23\u0e34\u0e01\u0e44\u0e17\u0e22",
  "COCO"       = "\u0e21\u0e30\u0e1e\u0e23\u0e49\u0e32\u0e27",
  "CASSAVA"    = "\u0e21\u0e31\u0e19\u0e2a\u0e33\u0e1b\u0e30\u0e2b\u0e25\u0e31\u0e07",
  "RUBBER"     = "\u0e22\u0e32\u0e07\u0e1e\u0e32\u0e23\u0e32",
  "LONGAN"     = "\u0e25\u0e33\u0e44\u0e22",
  "PINEAPPLE"  = "\u0e2a\u0e31\u0e1a\u0e1b\u0e30\u0e23\u0e14",
  "PORK"       = "\u0e2a\u0e38\u0e01\u0e23"
)

# @keywords internal
